NodeId:0	0.74616018788,0.747404412084,1,15,66,96
NodeId:1	1.23849249179,1.24074031892,37,72
NodeId:2	1.0234589322,1.02523980903,31,63
NodeId:3	0.749268764938,0.750562996575,30,42,45,86
NodeId:4	0.747853605026,0.749134759852,24,42,46,86
NodeId:5	0.483736862855,0.484351071144,2,9,24,50,61,81,98
NodeId:6	0.697179985378,0.698277862691,15,22,58,80
NodeId:7	1.00781535815,1.0096213022,12,21,38,57,93
NodeId:8	0.346643331841,0.347014333797,13,41,59,87
NodeId:9	1.68339420606,1.68660462598,33,39,41,43,51,69,80
NodeId:10	0.898449426503,0.900020465746,4,6,38,67,78,80
NodeId:11	0.654142251258,0.655239587564,6,28,40,49,51,67,89
NodeId:12	1.00487308105,1.00651315028,24,28,50,55,67,85,98
NodeId:13	0.914378574931,0.91590071473,25,32,33,35,76
NodeId:14	0.331637207482,0.331963371019,36,39,44,62,98
NodeId:15	1.22184353849,1.22406941569,47,70,79,95,97
NodeId:16	0.629260873286,0.630282696577,45,52,67,80
NodeId:17	0.556178584858,0.556993754941,18,39,41,53,63,72,79,99
NodeId:18	1.04937130457,1.05113233899,52,61,62,87
NodeId:19	0.890263767621,0.891799223411,27,33,37,45,92
NodeId:20	1.15974891785,1.16183948037,7,94
NodeId:21	8.31462225629,8.1564391534
NodeId:22	1.05486112583,1.05673810084,25,65,72,83,97
NodeId:23	0.574333401745,0.575214847577,92,99
NodeId:24	1.02696934499,1.02866836247,9,10,18,38,55,93,94
NodeId:25	0.819993112433,0.821350811158,63
NodeId:26	0.841410763991,0.842841529219,15,23,28,64
NodeId:27	1.34365124632,1.34609123057,32,68,70,92
NodeId:28	0.8847934527,0.886290302206,21,25,72
NodeId:29	0.871487952439,0.873040240015,18,23,31,36,86
NodeId:30	0.876074780568,0.877525792064,80,84,95
NodeId:31	2.15711570232,2.16130272921,29,36,46,49,54,62,70,85
NodeId:32	0.985607249687,0.98729779289,2,3,6,27,47,69,71,91
NodeId:33	1.0044411287,1.00625070405,2,56,58,86
NodeId:34	0.976196771512,0.977973443803,0,7,77,78
NodeId:35	0.500086259956,0.500715487841,12,18,62,64,65,66,83,91
NodeId:36	0.775570756407,0.776829976284,12,20,30,34,61,75,77,99
NodeId:37	1.32652964177,1.32900004207,40,59,71,97
NodeId:38	1.1718133169,1.17386192978,30,41,98
NodeId:39	1.16263231102,1.16473073027,31,43,68,71,92
NodeId:40	0.733907796066,0.735125751451,7,71,72,73
NodeId:41	0.954278897469,0.955864517048,44,45,49,66
NodeId:42	0.576807549122,0.577674610921,36,45,70,89,99
NodeId:43	0.92712038152,0.928804292952,4,21,24,56,67,68,80,86,90
NodeId:44	0.632675147992,0.63363783005,17,37,38
NodeId:45	1.45414303206,1.45682921092,18,53,58,83,86,90
NodeId:46	0.82465267645,0.826085666307,78
NodeId:47	0.514982472466,0.515730289189,5,14,52,70,73
NodeId:48	0.15,0.15,18,39,61,79,89
NodeId:49	1.15319019777,1.15534800547,2,29,31,39,84
NodeId:50	0.834820296843,0.836241642927,0,20,46,68
NodeId:51	0.933158659196,0.934817814507,38,45,61,71
NodeId:52	0.849295728859,0.850691381589,27,31,64,91
NodeId:53	0.60634051898,0.607275573371,2,13,65,78,95
NodeId:54	0.686749470113,0.687795167113,12,69,77
NodeId:55	0.686773636962,0.687885290737,10,19,22,25,51,58,62
NodeId:56	0.545511738376,0.546335551153,29,36,80,96,98
NodeId:57	0.824029189004,0.825460783037,86,94,96,98
NodeId:58	0.873043045561,0.874517080188,16,38,71,73,78
NodeId:59	0.506153054872,0.5068723464,10,24,69,92
NodeId:60	0.551857650048,0.552723872468,14,49,53,56,65
NodeId:61	0.738866651238,0.739979734442,6,9,18,20,99
NodeId:62	1.026067792,1.02788170501,11,22,33,91
NodeId:63	1.74012065733,1.74335570747,3,64,65,72
NodeId:64	1.01861424719,1.02039647794,3,27,28,31,33,39,78
NodeId:65	0.997090390267,0.998811923355,27,88
NodeId:66	1.01936350704,1.02108035673,8,19,72,81,83,98
NodeId:67	0.700942638806,0.702052687571,2,26,30,31,32,45
NodeId:68	0.89947036521,0.901067453615,1,6,19,28,40,81,85
NodeId:69	0.888959934627,0.890414624903,12,22,42,46,55,72,88
NodeId:70	1.21563586908,1.21791063967,20,63,99
NodeId:71	1.52456542392,1.52750182882,15,16,45,84,97
NodeId:72	1.94670842121,1.95047972528,10,49,51,92,93,95
NodeId:73	0.542556274978,0.543318080491,41,50,51,84,92
NodeId:74	0.435182255398,0.435760516581,35,54,84
NodeId:75	0.437810357763,0.438408460345,29,34,37,51,54,65,85,91
NodeId:76	0.901984080127,0.903646654532,9
NodeId:77	0.635232839137,0.636196870039,0,5,32,37,40,41,44,69,79,83,85,86,87
NodeId:78	1.64718558978,1.65024081866,13,19,34,82
NodeId:79	0.992653502022,0.994364672317,0,26,43,74,90
NodeId:80	1.19385376535,1.19596147585,31,79
NodeId:81	0.591243362608,0.592097502914,5,21,26,78,93,96
NodeId:82	0.682198851355,0.683384018706,2,23,24,32,52,53
NodeId:83	1.28224431212,1.28456122054,1,4,10,18,27,29,70
NodeId:84	1.07054633296,1.07240989761,9,21
NodeId:85	0.699451589162,0.700612666521,32,54,57,64,69,90,99
NodeId:86	1.34204333636,1.34455241856,11,60,71,95
NodeId:87	0.488703655624,0.489320294631,8,19,20,27,30,47,54,63
NodeId:88	1.27889780193,1.28133654628,21,26,44,50,55,82
NodeId:89	0.583169524086,0.584027777977,16,32,35,38,40,57,58
NodeId:90	0.924868799518,0.926518521501,1,26,52,93,96
NodeId:91	0.753879090891,0.755064233994,12,24,66,81,95
NodeId:92	1.62709794367,1.63012477014,22,34,39,57
NodeId:93	0.964251940418,0.965986695449,15,43,66,75
NodeId:94	1.06468667174,1.06657819456,4,17,20,90
NodeId:95	1.4003572257,1.40301402029,76,88
NodeId:96	0.818499525894,0.819813607796,12,13,24,31,60,74
NodeId:97	1.07982509765,1.08188250903,37,50,62,89
NodeId:98	1.13300200974,1.13491526077,5,13,15,28,49,66,92,94
NodeId:99	1.19033539683,1.19238385409,1,83
