NodeId:0	0.744263234415,0.745126677236,1,15,66,96
NodeId:1	1.23502064535,1.23660177603,37,72
NodeId:10	0.896044700342,0.897139674302,4,6,38,67,78,80
NodeId:11	0.652455193737,0.653223614776,6,28,40,49,51,67,89
NodeId:12	1.00235456852,1.00350486528,24,28,50,55,67,85,98
NodeId:13	0.912031452874,0.913102097107,25,32,33,35,76
NodeId:14	0.331134531432,0.331362820828,36,39,44,62,98
NodeId:15	1.21840670429,1.2199706971,47,70,79,95,97
NodeId:16	0.627691727542,0.628406882022,45,52,67,80
NodeId:17	0.554936463156,0.555503876342,18,39,41,53,63,72,79,99
NodeId:18	1.04666360153,1.0478965341,52,61,62,87
NodeId:19	0.887897827772,0.888976874524,27,33,37,45,92
NodeId:2	1.02072390719,1.02196925262,31,63
NodeId:20	1.15655616843,1.15801188072,7,94
NodeId:21	8.55758682553,8.44692923285
NodeId:22	1.05197182058,1.05328754227,25,65,72,83,97
NodeId:23	0.572982270456,0.573597576538,92,99
NodeId:24	1.02437310699,1.02555594572,9,10,18,38,55,93,94
NodeId:25	0.817904837354,0.818856169025,63
NodeId:26	0.83921854861,0.840215663402,15,23,28,64
NodeId:27	1.33991669668,1.34161910035,32,68,70,92
NodeId:28	0.882498135978,0.883543387026,21,25,72
NodeId:29	0.869107036353,0.870191318071,18,23,31,36,86
NodeId:3	0.74727839778,0.748185282835,30,42,45,86
NodeId:30	0.873847820293,0.874862749113,80,84,95
NodeId:31	2.15068844082,2.15361919679,29,36,46,49,54,62,70,85
NodeId:32	0.983017838502,0.984196596353,2,3,6,27,47,69,71,91
NodeId:33	1.00166571562,1.0029296305,2,56,58,86
NodeId:34	0.973458996666,0.974706994238,0,7,77,78
NodeId:35	0.499120103285,0.499559438978,12,18,62,64,65,66,83,91
NodeId:36	0.773640016476,0.774519099432,12,20,30,34,61,75,77,99
NodeId:37	1.32275545946,1.32447674673,40,59,71,97
NodeId:38	1.1686620235,1.1700973004,30,41,98
NodeId:39	1.15940536519,1.16087397303,31,43,68,71,92
NodeId:4	0.745893907231,0.746788717574,24,42,46,86
NodeId:40	0.732038379654,0.732888406525,7,71,72,73
NodeId:41	0.951841255686,0.952950630985,44,45,49,66
NodeId:42	0.575478650471,0.576083638535,36,45,70,89,99
NodeId:43	0.924540530196,0.925714279148,4,21,24,56,67,68,80,86,90
NodeId:44	0.631203890501,0.631874234457,17,37,38
NodeId:45	1.45001676948,1.45189648199,18,53,58,83,86,90
NodeId:46	0.822458620622,0.823456882437,78
NodeId:47	0.513835835662,0.514358935233,5,14,52,70,73
NodeId:48	0.15,0.15,18,39,61,79,89
NodeId:49	1.14988660778,1.15139032521,2,29,31,39,84
NodeId:5	0.482792877819,0.48322241509,2,9,24,50,61,81,98
NodeId:50	0.832643065095,0.833634367506,0,20,46,68
NodeId:51	0.930616198648,0.931773264569,38,45,61,71
NodeId:52	0.847153628433,0.848128891306,27,31,64,91
NodeId:53	0.604905052162,0.605558208633,2,13,65,78,95
NodeId:54	0.685138692909,0.685870703578,12,69,77
NodeId:55	0.685071183662,0.685846046688,10,19,22,25,51,58,62
NodeId:56	0.544244629732,0.544820909723,29,36,80,96,98
NodeId:57	0.821832469583,0.822833773381,86,94,96,98
NodeId:58	0.870771008862,0.871805466791,16,38,71,73,78
NodeId:59	0.505047409815,0.505549256893,10,24,69,92
NodeId:6	0.695493175088,0.696261396983,15,22,58,80
NodeId:60	0.550534257067,0.551138308478,14,49,53,56,65
NodeId:61	0.737149494078,0.737931486372,6,9,18,20,99
NodeId:62	1.02328821483,1.02455421087,11,22,33,91
NodeId:63	1.73514939117,1.73741309271,3,64,65,72
NodeId:64	1.01586797547,1.01711834179,3,27,28,31,33,39,78
NodeId:65	0.994439730272,0.995647235442,27,88
NodeId:66	1.01671780095,1.01792191708,8,19,72,81,83,98
NodeId:67	0.699233993009,0.70001150214,2,26,30,31,32,45
NodeId:68	0.897018508142,0.898134065161,1,6,19,28,40,81,85
NodeId:69	0.886715365771,0.887737326687,12,22,42,46,55,72,88
NodeId:7	1.00501907197,1.0062905107,12,21,38,57,93
NodeId:70	1.2121514737,1.21373823347,20,63,99
NodeId:71	1.52005573085,1.52210896049,15,16,45,84,97
NodeId:72	1.94091556574,1.94355716474,10,49,51,92,93,95
NodeId:73	0.541386734731,0.541919744728,41,50,51,84,92
NodeId:74	0.434305878965,0.434705194845,35,54,84
NodeId:75	0.436888269851,0.437307930207,29,34,37,51,54,65,85,91
NodeId:76	0.899436782146,0.900596178661,9
NodeId:77	0.633747923271,0.634425223347,0,5,32,37,40,41,44,69,79,83,85,86,87
NodeId:78	1.64247586397,1.64462047956,13,19,34,82
NodeId:79	0.990033262372,0.991229681325,0,26,43,74,90
NodeId:8	0.346075533712,0.346334593574,13,41,59,87
NodeId:80	1.19059999428,1.1920807242,31,79
NodeId:81	0.589932544747,0.590530153309,5,21,26,78,93,96
NodeId:82	0.680370404564,0.681204126435,2,23,24,32,52,53
NodeId:83	1.27867241684,1.2803009814,1,4,10,18,27,29,70
NodeId:84	1.06766548596,1.06897584929,9,21
NodeId:85	0.697680955159,0.69848705294,32,54,57,64,69,90,99
NodeId:86	1.33818477746,1.33994081848,11,60,71,95
NodeId:87	0.48775576385,0.488187565104,8,19,20,27,30,47,54,63
NodeId:88	1.27515617608,1.2768603717,21,26,44,50,55,82
NodeId:89	0.581851214991,0.582451675682,16,32,35,38,40,57,58
NodeId:9	1.67847864145,1.68071888699,33,39,41,43,51,69,80
NodeId:90	0.922344666642,0.923495385917,1,26,52,93,96
NodeId:91	0.752058205551,0.752887034095,12,24,66,81,95
NodeId:92	1.62245228286,1.6245671664,22,34,39,57
NodeId:93	0.961591099224,0.962802896641,15,43,66,75
NodeId:94	1.06175079078,1.06308437675,4,17,20,90
NodeId:95	1.39628317762,1.39813982503,76,88
NodeId:96	0.8164638044,0.817389410399,12,13,24,31,60,74
NodeId:97	1.07666373266,1.07810346388,37,50,62,89
NodeId:98	1.13006775416,1.13140490565,5,13,15,28,49,66,92,94
NodeId:99	1.18718526692,1.18861824747,1,83
