NodeId:0	0.747404412084,0.748860376421,1,15,66,96
NodeId:1	1.24074031892,1.24345712243,37,72
NodeId:10	0.900020465746,0.9018742077,4,6,38,67,78,80
NodeId:11	0.655239587564,0.656545807214,6,28,40,49,51,67,89
NodeId:12	1.00651315028,1.00849253316,24,28,50,55,67,85,98
NodeId:13	0.91590071473,0.91774870372,25,32,33,35,76
NodeId:14	0.331963371019,0.332357094127,36,39,44,62,98
NodeId:15	1.22406941569,1.22674240727,47,70,79,95,97
NodeId:16	0.630282696577,0.631497831331,45,52,67,80
NodeId:17	0.556993754941,0.557954427965,18,39,41,53,63,72,79,99
NodeId:18	1.05113233899,1.05323922785,52,61,62,87
NodeId:19	0.891799223411,0.893643845276,27,33,37,45,92
NodeId:2	1.02523980903,1.02736675807,31,63
NodeId:20	1.16183948037,1.1642942382,7,94
NodeId:21	8.1564391534,7.96730812468
NodeId:22	1.05673810084,1.05897611088,25,65,72,83,97
NodeId:23	0.575214847577,0.576260818192,92,99
NodeId:24	1.02866836247,1.03067892179,9,10,18,38,55,93,94
NodeId:25	0.821350811158,0.822970297339,63
NodeId:26	0.842841529219,0.844546523276,15,23,28,64
NodeId:27	1.34609123057,1.34900024295,32,68,70,92
NodeId:28	0.886290302206,0.888061529658,21,25,72
NodeId:29	0.873040240015,0.874884374418,18,23,31,36,86
NodeId:3	0.750562996575,0.752117329705,30,42,45,86
NodeId:30	0.877525792064,0.879249840127,80,84,95
NodeId:31	2.16130272921,2.16633454277,29,36,46,49,54,62,70,85
NodeId:32	0.98729779289,0.989319665339,2,3,6,27,47,69,71,91
NodeId:33	1.00625070405,1.00841364373,2,56,58,86
NodeId:34	0.977973443803,0.980111976637,0,7,77,78
NodeId:35	0.500715487841,0.501469766349,12,18,62,64,65,66,83,91
NodeId:36	0.776829976284,0.778320564378,12,20,30,34,61,75,77,99
NodeId:37	1.32900004207,1.33194709441,40,59,71,97
NodeId:38	1.17386192978,1.17631717169,30,41,98
NodeId:39	1.16473073027,1.1672429447,31,43,68,71,92
NodeId:4	0.749134759852,0.750662168595,24,42,46,86
NodeId:40	0.735125751451,0.736576263209,7,71,72,73
NodeId:41	0.955864517048,0.957769918313,44,45,49,66
NodeId:42	0.577674610921,0.578712132671,36,45,70,89,99
NodeId:43	0.928804292952,0.930818738221,4,21,24,56,67,68,80,86,90
NodeId:44	0.63363783005,0.634787858037,17,37,38
NodeId:45	1.45682921092,1.4600297959,18,53,58,83,86,90
NodeId:46	0.826085666307,0.827783285939,78
NodeId:47	0.515730289189,0.516625751576,5,14,52,70,73
NodeId:48	0.15,0.15,18,39,61,79,89
NodeId:49	1.15534800547,1.15789939356,2,29,31,39,84
NodeId:5	0.484351071144,0.485080608745,2,9,24,50,61,81,98
NodeId:50	0.836241642927,0.837943260137,0,20,46,68
NodeId:51	0.934817814507,0.93678679158,38,45,61,71
NodeId:52	0.850691381589,0.852366324156,27,31,64,91
NodeId:53	0.607275573371,0.608395391747,2,13,65,78,95
NodeId:54	0.687795167113,0.689034758961,12,69,77
NodeId:55	0.687885290737,0.689213076368,10,19,22,25,51,58,62
NodeId:56	0.546335551153,0.547322464163,29,36,80,96,98
NodeId:57	0.825460783037,0.827162114441,86,94,96,98
NodeId:58	0.874517080188,0.876289687009,16,38,71,73,78
NodeId:59	0.5068723464,0.507736136738,10,24,69,92
NodeId:6	0.698277862691,0.699574686137,15,22,58,80
NodeId:60	0.552723872468,0.553747019126,14,49,53,56,65
NodeId:61	0.739979734442,0.741325634575,6,9,18,20,99
NodeId:62	1.02788170501,1.03003259897,11,22,33,91
NodeId:63	1.74335570747,1.74721188833,3,64,65,72
NodeId:64	1.02039647794,1.02253740122,3,27,28,31,33,39,78
NodeId:65	0.998811923355,1.00087812671,27,88
NodeId:66	1.02108035673,1.02314448202,8,19,72,81,83,98
NodeId:67	0.702052687571,0.703380485037,2,26,30,31,32,45
NodeId:68	0.901067453615,0.902986479019,1,6,19,28,40,81,85
NodeId:69	0.890414624903,0.892162085564,12,22,42,46,55,72,88
NodeId:7	1.0096213022,1.01181001043,12,21,38,57,93
NodeId:70	1.21791063967,1.2206419732,20,63,99
NodeId:71	1.52750182882,1.53100943168,15,16,45,84,97
NodeId:72	1.95047972528,1.95501963545,10,49,51,92,93,95
NodeId:73	0.543318080491,0.544224985139,41,50,51,84,92
NodeId:74	0.435760516581,0.436434218149,35,54,84
NodeId:75	0.438408460345,0.439134924351,29,34,37,51,54,65,85,91
NodeId:76	0.903646654532,0.905638758995,9
NodeId:77	0.636196870039,0.637357421626,0,5,32,37,40,41,44,69,79,83,85,86,87
NodeId:78	1.65024081866,1.65386528082,13,19,34,82
NodeId:79	0.994364672317,0.996437084675,0,26,43,74,90
NodeId:8	0.347014333797,0.347452182763,13,41,59,87
NodeId:80	1.19596147585,1.19849984761,31,79
NodeId:81	0.592097502914,0.593110578103,5,21,26,78,93,96
NodeId:82	0.683384018706,0.684835536914,2,23,24,32,52,53
NodeId:83	1.28456122054,1.28735265087,1,4,10,18,27,29,70
NodeId:84	1.07240989761,1.07465837303,9,21
NodeId:85	0.700612666521,0.701966661633,32,54,57,64,69,90,99
NodeId:86	1.34455241856,1.34756546015,11,60,71,95
NodeId:87	0.489320294631,0.490059910689,8,19,20,27,30,47,54,63
NodeId:88	1.28133654628,1.28426574022,21,26,44,50,55,82
NodeId:89	0.584027777977,0.585050499762,16,32,35,38,40,57,58
NodeId:9	1.68660462598,1.69043236829,33,39,41,43,51,69,80
NodeId:90	0.926518521501,0.928470653029,1,26,52,93,96
NodeId:91	0.755064233994,0.756476653612,12,24,66,81,95
NodeId:92	1.63012477014,1.63375259271,22,34,39,57
NodeId:93	0.965986695449,0.968056001786,15,43,66,75
NodeId:94	1.06657819456,1.06888091842,4,17,20,90
NodeId:95	1.40301402029,1.40618676447,76,88
NodeId:96	0.819813607796,0.821408556608,12,13,24,31,60,74
NodeId:97	1.08188250903,1.08434492224,37,50,62,89
NodeId:98	1.13491526077,1.13719835234,5,13,15,28,49,66,92,94
NodeId:99	1.19238385409,1.19481817984,1,83
