NodeId:0	0.760805929144,0.764906924665,1,15,66,96
NodeId:1	1.26615406897,1.27573028485,37,72
NodeId:2	1.04520309305,1.05019731932,31,63
NodeId:3	0.769226407308,0.775445961509,30,42,45,86
NodeId:4	0.765541703605,0.76829508577,24,42,46,86
NodeId:5	0.49207361911,0.494416019489,2,9,24,50,61,81,98
NodeId:6	0.712195908655,0.716472720114,15,22,58,80
NodeId:7	1.03101441647,1.04060773445,12,21,38,57,93
NodeId:8	0.351855493592,0.354020588657,13,41,59,87
NodeId:9	1.72299867243,1.7281881974,33,39,41,43,51,69,80
NodeId:10	0.91949360733,0.924825905994,4,6,38,67,78,80
NodeId:11	0.667175070637,0.673699787589,6,28,40,49,51,67,89
NodeId:12	1.02585536999,1.03086395628,24,28,50,55,67,85,98
NodeId:13	0.933374182576,0.937794767028,25,32,33,35,76
NodeId:14	0.336185770193,0.335302805869,36,39,44,62,98
NodeId:15	1.2504739643,1.25864068209,47,70,79,95,97
NodeId:16	0.642096684217,0.642870602033,45,52,67,80
NodeId:17	0.566289964644,0.571385235153,18,39,41,53,63,72,79,99
NodeId:18	1.07147252037,1.07596629179,52,61,62,87
NodeId:19	0.909952697701,0.915930108916,27,33,37,45,92
NodeId:20	1.18748264781,1.19485524696,7,94
NodeId:21	6.29884107238,5.74789347011
NodeId:22	1.07995225576,1.08640257971,25,65,72,83,97
NodeId:23	0.584678211885,0.590976956317,92,99
NodeId:24	1.04860206983,1.05929083475,9,10,18,38,55,93,94
NodeId:25	0.837372678824,0.842926661538,63
NodeId:26	0.857868924967,0.86380724428,15,23,28,64
NodeId:27	1.37697676403,1.37866597859,32,68,70,92
NodeId:28	0.904667405707,0.910073717293,21,25,72
NodeId:29	0.890214281453,0.894468268613,18,23,31,36,86
NodeId:30	0.895361590168,0.897612108764,80,84,95
NodeId:31	2.20920154699,2.22804211023,29,36,46,49,54,62,70,85
NodeId:32	1.00491481226,1.01429013212,2,3,6,27,47,69,71,91
NodeId:33	1.02707402688,1.03801238659,2,56,58,86
NodeId:34	0.999078872164,1.00364326241,0,7,77,78
NodeId:35	0.50757120749,0.508813436797,12,18,62,64,65,66,83,91
NodeId:36	0.790238046295,0.795695199435,12,20,30,34,61,75,77,99
NodeId:37	1.35689612261,1.36422126802,40,59,71,97
NodeId:38	1.19792358249,1.20472363299,30,41,98
NodeId:39	1.18866058325,1.19997441808,31,43,68,71,92
NodeId:40	0.749232309493,0.752596438834,7,71,72,73
NodeId:41	0.974150539528,0.983103566481,44,45,49,66
NodeId:42	0.589468270252,0.590032175378,36,45,70,89,99
NodeId:43	0.947619054233,0.959292277437,4,21,24,56,67,68,80,86,90
NodeId:44	0.644459349415,0.645027194867,17,37,38
NodeId:45	1.48971719375,1.48989191141,18,53,58,83,86,90
NodeId:46	0.843248446721,0.848441690131,78
NodeId:47	0.525090685954,0.526726037134,5,14,52,70,73
NodeId:48	0.15,0.15,18,39,61,79,89
NodeId:49	1.18257172207,1.18331820625,2,29,31,39,84
NodeId:50	0.851649016042,0.855684560365,0,20,46,68
NodeId:51	0.954074078291,0.96135912374,38,45,61,71
NodeId:52	0.86494460015,0.872430357688,27,31,64,91
NodeId:53	0.617479612708,0.61913140756,2,13,65,78,95
NodeId:54	0.700709208429,0.701614708143,12,69,77
NodeId:55	0.70124535145,0.703334552766,10,19,22,25,51,58,62
NodeId:56	0.557819802232,0.553776585914,29,36,80,96,98
NodeId:57	0.843100269584,0.84459901701,86,94,96,98
NodeId:58	0.891747903683,0.893421674945,16,38,71,73,78
NodeId:59	0.515126394544,0.519216572903,10,24,69,92
NodeId:60	0.561912286431,0.568484375763,14,49,53,56,65
NodeId:61	0.753010496678,0.759135280076,6,9,18,20,99
NodeId:62	1.04776815459,1.05536250131,11,22,33,91
NodeId:63	1.782053011,1.80533288613,3,64,65,72
NodeId:64	1.04378615984,1.05267517327,3,27,28,31,33,39,78
NodeId:65	1.02206386563,1.02714815862,27,88
NodeId:66	1.04099942921,1.04824976563,8,19,72,81,83,98
NodeId:67	0.71520957281,0.715375780702,2,26,30,31,32,45
NodeId:68	0.919394966803,0.926892057227,1,6,19,28,40,81,85
NodeId:69	0.906415930818,0.917603628159,12,22,42,46,55,72,88
NodeId:70	1.24390642137,1.25353539985,20,63,99
NodeId:71	1.56066877796,1.57510653958,15,16,45,84,97
NodeId:72	1.99892304014,2.00988979903,10,49,51,92,93,95
NodeId:73	0.551351854305,0.555828678923,41,50,51,84,92
NodeId:74	0.442169692991,0.443644268284,35,54,84
NodeId:75	0.445146648461,0.449751321885,29,34,37,51,54,65,85,91
NodeId:76	0.923454934331,0.929146257878,9
NodeId:77	0.646607642176,0.65047138207,0,5,32,37,40,41,44,69,79,83,85,86,87
NodeId:78	1.68667526625,1.69478172119,13,19,34,82
NodeId:79	1.01479480973,1.01863497452,0,26,43,74,90
NodeId:80	1.2187941599,1.22843621508,31,79
NodeId:81	0.602221592982,0.608821881439,5,21,26,78,93,96
NodeId:82	0.696158659159,0.699244001019,2,23,24,32,52,53
NodeId:83	1.31042954565,1.32088035571,1,4,10,18,27,29,70
NodeId:84	1.09344572237,1.09531047503,9,21
NodeId:85	0.714773889224,0.717631793191,32,54,57,64,69,90,99
NodeId:86	1.3743581696,1.37840253698,11,60,71,95
NodeId:87	0.49640303323,0.502150056101,8,19,20,27,30,47,54,63
NodeId:88	1.31199108905,1.31306501227,21,26,44,50,55,82
NodeId:89	0.593539901326,0.596621428512,16,32,35,38,40,57,58
NodeId:90	0.945509055544,0.947580982881,1,26,52,93,96
NodeId:91	0.769271814685,0.771365491387,12,24,66,81,95
NodeId:92	1.66714388695,1.67816029892,22,34,39,57
NodeId:93	0.98760440947,0.991077804804,15,43,66,75
NodeId:94	1.08966854899,1.0989753385,4,17,20,90
NodeId:95	1.4323217469,1.44477605632,76,88
NodeId:96	0.833500565837,0.840012334046,12,13,24,31,60,74
NodeId:97	1.10632248569,1.11024954698,37,50,62,89
NodeId:98	1.15567376902,1.16470216588,5,13,15,28,49,66,92,94
NodeId:99	1.21808533679,1.22253832326,1,83
