NodeId:0	0.758072985887,0.760805929144,1,15,66,96
NodeId:1	1.26085847261,1.26615406897,37,72
NodeId:2	1.0407297859,1.04520309305,31,63
NodeId:3	0.762203925907,0.769226407308,30,42,45,86
NodeId:4	0.76043710384,0.765541703605,24,42,46,86
NodeId:5	0.489648672232,0.49207361911,2,9,24,50,61,81,98
NodeId:6	0.707700510728,0.712195908655,15,22,58,80
NodeId:7	1.02619625142,1.03101441647,12,21,38,57,93
NodeId:8	0.350217741419,0.351855493592,13,41,59,87
NodeId:9	1.71474495857,1.72299867243,33,39,41,43,51,69,80
NodeId:10	0.91425018313,0.91949360733,4,6,38,67,78,80
NodeId:11	0.66470184389,0.667175070637,6,28,40,49,51,67,89
NodeId:12	1.02061920666,1.02585536999,24,28,50,55,67,85,98
NodeId:13	0.929028905413,0.933374182576,25,32,33,35,76
NodeId:14	0.334790505305,0.336185770193,36,39,44,62,98
NodeId:15	1.24328000431,1.2504739643,47,70,79,95,97
NodeId:16	0.638983538183,0.642096684217,45,52,67,80
NodeId:17	0.564151382327,0.566289964644,18,39,41,53,63,72,79,99
NodeId:18	1.06644306996,1.07147252037,52,61,62,87
NodeId:19	0.905428274141,0.909952697701,27,33,37,45,92
NodeId:20	1.17968753443,1.18748264781,7,94
NodeId:21	6.76100171102,6.29884107238
NodeId:22	1.07347645226,1.07995225576,25,65,72,83,97
NodeId:23	0.582256051117,0.584678211885,92,99
NodeId:24	1.04343720669,1.04860206983,9,10,18,38,55,93,94
NodeId:25	0.833739147381,0.837372678824,63
NodeId:26	0.855753143199,0.857868924967,15,23,28,64
NodeId:27	1.36825390007,1.37697676403,32,68,70,92
NodeId:28	0.899056031969,0.904667405707,21,25,72
NodeId:29	0.887014642584,0.890214281453,18,23,31,36,86
NodeId:30	0.890899264106,0.895361590168,80,84,95
NodeId:31	2.19659154503,2.20920154699,29,36,46,49,54,62,70,85
NodeId:32	1.00236987281,1.00491481226,2,3,6,27,47,69,71,91
NodeId:33	1.02198303213,1.02707402688,2,56,58,86
NodeId:34	0.993946193872,0.999078872164,0,7,77,78
NodeId:35	0.506027726356,0.50757120749,12,18,62,64,65,66,83,91
NodeId:36	0.78825464547,0.790238046295,12,20,30,34,61,75,77,99
NodeId:37	1.35007280519,1.35689612261,40,59,71,97
NodeId:38	1.19187169974,1.19792358249,30,41,98
NodeId:39	1.18409188804,1.18866058325,31,43,68,71,92
NodeId:40	0.745346253465,0.749232309493,7,71,72,73
NodeId:41	0.969578557424,0.974150539528,44,45,49,66
NodeId:42	0.586203015168,0.589468270252,36,45,70,89,99
NodeId:43	0.943674621186,0.947619054233,4,21,24,56,67,68,80,86,90
NodeId:44	0.642302166853,0.644459349415,17,37,38
NodeId:45	1.48119050119,1.48971719375,18,53,58,83,86,90
NodeId:46	0.838445483893,0.843248446721,78
NodeId:47	0.522095595015,0.525090685954,5,14,52,70,73
NodeId:48	0.15,0.15,18,39,61,79,89
NodeId:49	1.17424496041,1.18257172207,2,29,31,39,84
NodeId:50	0.849008696399,0.851649016042,0,20,46,68
NodeId:51	0.949594014985,0.954074078291,38,45,61,71
NodeId:52	0.862757888743,0.86494460015,27,31,64,91
NodeId:53	0.615359143265,0.617479612708,2,13,65,78,95
NodeId:54	0.696842703325,0.700709208429,12,69,77
NodeId:55	0.697828599288,0.70124535145,10,19,22,25,51,58,62
NodeId:56	0.553275674527,0.557819802232,29,36,80,96,98
NodeId:57	0.838407201343,0.843100269584,86,94,96,98
NodeId:58	0.887862053967,0.891747903683,16,38,71,73,78
NodeId:59	0.513109718443,0.515126394544,10,24,69,92
NodeId:60	0.560130357867,0.561912286431,14,49,53,56,65
NodeId:61	0.74964324124,0.753010496678,6,9,18,20,99
NodeId:62	1.04374134613,1.04776815459,11,22,33,91
NodeId:63	1.77132937529,1.782053011,3,64,65,72
NodeId:64	1.03550755198,1.04378615984,3,27,28,31,33,39,78
NodeId:65	1.01400104337,1.02206386563,27,88
NodeId:66	1.03604017386,1.04099942921,8,19,72,81,83,98
NodeId:67	0.71178676268,0.71520957281,2,26,30,31,32,45
NodeId:68	0.91515263254,0.919394966803,1,6,19,28,40,81,85
NodeId:69	0.903064264983,0.906415930818,12,22,42,46,55,72,88
NodeId:70	1.2385144109,1.24390642137,20,63,99
NodeId:71	1.55278578608,1.56066877796,15,16,45,84,97
NodeId:72	1.98363594449,1.99892304014,10,49,51,92,93,95
NodeId:73	0.550074426006,0.551351854305,41,50,51,84,92
NodeId:74	0.440594364481,0.442169692991,35,54,84
NodeId:75	0.443828729432,0.445146648461,29,34,37,51,54,65,85,91
NodeId:76	0.91741035347,0.923454934331,9
NodeId:77	0.644801328475,0.646607642176,0,5,32,37,40,41,44,69,79,83,85,86,87
NodeId:78	1.67795590015,1.68667526625,13,19,34,82
NodeId:79	1.00851459262,1.01479480973,0,26,43,74,90
NodeId:80	1.21528254311,1.2187941599,31,79
NodeId:81	0.599643741638,0.602221592982,5,21,26,78,93,96
NodeId:82	0.694283898359,0.696158659159,2,23,24,32,52,53
NodeId:83	1.30600397265,1.31042954565,1,4,10,18,27,29,70
NodeId:84	1.08904789713,1.09344572237,9,21
NodeId:85	0.710511657223,0.714773889224,32,54,57,64,69,90,99
NodeId:86	1.36770550564,1.3743581696,11,60,71,95
NodeId:87	0.494735394955,0.49640303323,8,19,20,27,30,47,54,63
NodeId:88	1.30317867692,1.31199108905,21,26,44,50,55,82
NodeId:89	0.591817249872,0.593539901326,16,32,35,38,40,57,58
NodeId:90	0.941404280813,0.945509055544,1,26,52,93,96
NodeId:91	0.764449931379,0.769271814685,12,24,66,81,95
NodeId:92	1.65702533622,1.66714388695,22,34,39,57
NodeId:93	0.981834731271,0.98760440947,15,43,66,75
NodeId:94	1.0839595219,1.08966854899,4,17,20,90
NodeId:95	1.42724597553,1.4323217469,76,88
NodeId:96	0.831710698724,0.833500565837,12,13,24,31,60,74
NodeId:97	1.09982657572,1.10632248569,37,50,62,89
NodeId:98	1.15234630412,1.15567376902,5,13,15,28,49,66,92,94
NodeId:99	1.21007485658,1.21808533679,1,83
