NodeId:0	0.745126677236,0.74616018788,1,15,66,96
NodeId:1	1.23660177603,1.23849249179,37,72
NodeId:10	0.897139674302,0.898449426503,4,6,38,67,78,80
NodeId:11	0.653223614776,0.654142251258,6,28,40,49,51,67,89
NodeId:12	1.00350486528,1.00487308105,24,28,50,55,67,85,98
NodeId:13	0.913102097107,0.914378574931,25,32,33,35,76
NodeId:14	0.331362820828,0.331637207482,36,39,44,62,98
NodeId:15	1.2199706971,1.22184353849,47,70,79,95,97
NodeId:16	0.628406882022,0.629260873286,45,52,67,80
NodeId:17	0.555503876342,0.556178584858,18,39,41,53,63,72,79,99
NodeId:18	1.0478965341,1.04937130457,52,61,62,87
NodeId:19	0.888976874524,0.890263767621,27,33,37,45,92
NodeId:2	1.02196925262,1.0234589322,31,63
NodeId:20	1.15801188072,1.15974891785,7,94
NodeId:21	8.44692923285,8.31462225629
NodeId:22	1.05328754227,1.05486112583,25,65,72,83,97
NodeId:23	0.573597576538,0.574333401745,92,99
NodeId:24	1.02555594572,1.02696934499,9,10,18,38,55,93,94
NodeId:25	0.818856169025,0.819993112433,63
NodeId:26	0.840215663402,0.841410763991,15,23,28,64
NodeId:27	1.34161910035,1.34365124632,32,68,70,92
NodeId:28	0.883543387026,0.8847934527,21,25,72
NodeId:29	0.870191318071,0.871487952439,18,23,31,36,86
NodeId:3	0.748185282835,0.749268764938,30,42,45,86
NodeId:30	0.874862749113,0.876074780568,80,84,95
NodeId:31	2.15361919679,2.15711570232,29,36,46,49,54,62,70,85
NodeId:32	0.984196596353,0.985607249687,2,3,6,27,47,69,71,91
NodeId:33	1.0029296305,1.0044411287,2,56,58,86
NodeId:34	0.974706994238,0.976196771512,0,7,77,78
NodeId:35	0.499559438978,0.500086259956,12,18,62,64,65,66,83,91
NodeId:36	0.774519099432,0.775570756407,12,20,30,34,61,75,77,99
NodeId:37	1.32447674673,1.32652964177,40,59,71,97
NodeId:38	1.1700973004,1.1718133169,30,41,98
NodeId:39	1.16087397303,1.16263231102,31,43,68,71,92
NodeId:4	0.746788717574,0.747853605026,24,42,46,86
NodeId:40	0.732888406525,0.733907796066,7,71,72,73
NodeId:41	0.952950630985,0.954278897469,44,45,49,66
NodeId:42	0.576083638535,0.576807549122,36,45,70,89,99
NodeId:43	0.925714279148,0.92712038152,4,21,24,56,67,68,80,86,90
NodeId:44	0.631874234457,0.632675147992,17,37,38
NodeId:45	1.45189648199,1.45414303206,18,53,58,83,86,90
NodeId:46	0.823456882437,0.82465267645,78
NodeId:47	0.514358935233,0.514982472466,5,14,52,70,73
NodeId:48	0.15,0.15,18,39,61,79,89
NodeId:49	1.15139032521,1.15319019777,2,29,31,39,84
NodeId:5	0.48322241509,0.483736862855,2,9,24,50,61,81,98
NodeId:50	0.833634367506,0.834820296843,0,20,46,68
NodeId:51	0.931773264569,0.933158659196,38,45,61,71
NodeId:52	0.848128891306,0.849295728859,27,31,64,91
NodeId:53	0.605558208633,0.60634051898,2,13,65,78,95
NodeId:54	0.685870703578,0.686749470113,12,69,77
NodeId:55	0.685846046688,0.686773636962,10,19,22,25,51,58,62
NodeId:56	0.544820909723,0.545511738376,29,36,80,96,98
NodeId:57	0.822833773381,0.824029189004,86,94,96,98
NodeId:58	0.871805466791,0.873043045561,16,38,71,73,78
NodeId:59	0.505549256893,0.506153054872,10,24,69,92
NodeId:6	0.696261396983,0.697179985378,15,22,58,80
NodeId:60	0.551138308478,0.551857650048,14,49,53,56,65
NodeId:61	0.737931486372,0.738866651238,6,9,18,20,99
NodeId:62	1.02455421087,1.026067792,11,22,33,91
NodeId:63	1.73741309271,1.74012065733,3,64,65,72
NodeId:64	1.01711834179,1.01861424719,3,27,28,31,33,39,78
NodeId:65	0.995647235442,0.997090390267,27,88
NodeId:66	1.01792191708,1.01936350704,8,19,72,81,83,98
NodeId:67	0.70001150214,0.700942638806,2,26,30,31,32,45
NodeId:68	0.898134065161,0.89947036521,1,6,19,28,40,81,85
NodeId:69	0.887737326687,0.888959934627,12,22,42,46,55,72,88
NodeId:7	1.0062905107,1.00781535815,12,21,38,57,93
NodeId:70	1.21373823347,1.21563586908,20,63,99
NodeId:71	1.52210896049,1.52456542392,15,16,45,84,97
NodeId:72	1.94355716474,1.94670842121,10,49,51,92,93,95
NodeId:73	0.541919744728,0.542556274978,41,50,51,84,92
NodeId:74	0.434705194845,0.435182255398,35,54,84
NodeId:75	0.437307930207,0.437810357763,29,34,37,51,54,65,85,91
NodeId:76	0.900596178661,0.901984080127,9
NodeId:77	0.634425223347,0.635232839137,0,5,32,37,40,41,44,69,79,83,85,86,87
NodeId:78	1.64462047956,1.64718558978,13,19,34,82
NodeId:79	0.991229681325,0.992653502022,0,26,43,74,90
NodeId:8	0.346334593574,0.346643331841,13,41,59,87
NodeId:80	1.1920807242,1.19385376535,31,79
NodeId:81	0.590530153309,0.591243362608,5,21,26,78,93,96
NodeId:82	0.681204126435,0.682198851355,2,23,24,32,52,53
NodeId:83	1.2803009814,1.28224431212,1,4,10,18,27,29,70
NodeId:84	1.06897584929,1.07054633296,9,21
NodeId:85	0.69848705294,0.699451589162,32,54,57,64,69,90,99
NodeId:86	1.33994081848,1.34204333636,11,60,71,95
NodeId:87	0.488187565104,0.488703655624,8,19,20,27,30,47,54,63
NodeId:88	1.2768603717,1.27889780193,21,26,44,50,55,82
NodeId:89	0.582451675682,0.583169524086,16,32,35,38,40,57,58
NodeId:9	1.68071888699,1.68339420606,33,39,41,43,51,69,80
NodeId:90	0.923495385917,0.924868799518,1,26,52,93,96
NodeId:91	0.752887034095,0.753879090891,12,24,66,81,95
NodeId:92	1.6245671664,1.62709794367,22,34,39,57
NodeId:93	0.962802896641,0.964251940418,15,43,66,75
NodeId:94	1.06308437675,1.06468667174,4,17,20,90
NodeId:95	1.39813982503,1.4003572257,76,88
NodeId:96	0.817389410399,0.818499525894,12,13,24,31,60,74
NodeId:97	1.07810346388,1.07982509765,37,50,62,89
NodeId:98	1.13140490565,1.13300200974,5,13,15,28,49,66,92,94
NodeId:99	1.18861824747,1.19033539683,1,83
