NodeId:0	0.810384615385,1.0,1,15,66,96
NodeId:1	1.20035714286,1.0,37,72
NodeId:2	1.21351190476,1.0,31,63
NodeId:3	0.590178571428,1.0,30,42,45,86
NodeId:4	0.72003968254,1.0,24,42,46,86
NodeId:5	0.633301282052,1.0,2,9,24,50,61,81,98
NodeId:6	0.810773809524,1.0,15,22,58,80
NodeId:7	1.0,1.0,12,21,38,57,93
NodeId:8	0.397916666667,1.0,13,41,59,87
NodeId:9	1.83785714286,1.0,33,39,41,43,51,69,80
NodeId:10	0.868452380952,1.0,4,6,38,67,78,80
NodeId:11	0.575,1.0,6,28,40,49,51,67,89
NodeId:12	1.24892857143,1.0,24,28,50,55,67,85,98
NodeId:13	0.992916666667,1.0,25,32,33,35,76
NodeId:14	0.49,1.0,36,39,44,62,98
NodeId:15	1.27625,1.0,47,70,79,95,97
NodeId:16	0.611428571428,1.0,45,52,67,80
NodeId:17	0.645833333333,1.0,18,39,41,53,63,72,79,99
NodeId:18	1.25702380952,1.0,52,61,62,87
NodeId:19	0.853273809524,1.0,27,33,37,45,92
NodeId:20	1.24083333333,1.0,7,94
NodeId:21	2.25611111111,1.0
NodeId:22	1.03035714286,1.0,25,65,72,83,97
NodeId:23	0.674166666667,1.0,92,99
NodeId:24	1.36563492064,1.0,9,10,18,38,55,93,94
NodeId:25	0.894761904762,1.0,63
NodeId:26	0.915000000001,1.0,15,23,28,64
NodeId:27	1.41285714286,1.0,32,68,70,92
NodeId:28	0.954464285714,1.0,21,25,72
NodeId:29	0.823928571428,1.0,18,23,31,36,86
NodeId:30	1.0,1.0,80,84,95
NodeId:31	2.12726190476,1.0,29,36,46,49,54,62,70,85
NodeId:32	1.12407509158,1.0,2,3,6,27,47,69,71,91
NodeId:33	0.945357142857,1.0,2,56,58,86
NodeId:34	0.7875,1.0,0,7,77,78
NodeId:35	0.724761904761,1.0,12,18,62,64,65,66,83,91
NodeId:36	0.93625,1.0,12,20,30,34,61,75,77,99
NodeId:37	1.41246794872,1.0,40,59,71,97
NodeId:38	1.37035714286,1.0,30,41,98
NodeId:39	1.22160714286,1.0,31,43,68,71,92
NodeId:40	0.79217032967,1.0,7,71,72,73
NodeId:41	1.10889652015,1.0,44,45,49,66
NodeId:42	0.696428571428,1.0,36,45,70,89,99
NodeId:43	0.823928571428,1.0,4,21,24,56,67,68,80,86,90
NodeId:44	0.739551282052,1.0,17,37,38
NodeId:45	1.65166666667,1.0,18,53,58,83,86,90
NodeId:46	0.802678571428,1.0,78
NodeId:47	0.5325,1.0,5,14,52,70,73
NodeId:48	0.15,1.0,18,39,61,79,89
NodeId:49	1.0080952381,1.0,2,29,31,39,84
NodeId:50	0.917023809524,1.0,0,20,46,68
NodeId:51	0.932202380952,1.0,38,45,61,71
NodeId:52	1.05666666667,1.0,27,31,64,91
NodeId:53	0.709583333334,1.0,2,13,65,78,95
NodeId:54	0.873511904761,1.0,12,69,77
NodeId:55	0.655952380952,1.0,10,19,22,25,51,58,62
NodeId:56	0.626944444444,1.0,29,36,80,96,98
NodeId:57	0.775357142857,1.0,86,94,96,98
NodeId:58	0.959523809524,1.0,16,38,71,73,78
NodeId:59	0.575,1.0,10,24,69,92
NodeId:60	0.504166666667,1.0,14,49,53,56,65
NodeId:61	0.972678571428,1.0,6,9,18,20,99
NodeId:62	1.07892857143,1.0,11,22,33,91
NodeId:63	1.92083333333,1.0,3,64,65,72
NodeId:64	1.01517857143,1.0,3,27,28,31,33,39,78
NodeId:65	1.085,1.0,27,88
NodeId:66	1.17,1.0,8,19,72,81,83,98
NodeId:67	0.841468253968,1.0,2,26,30,31,32,45
NodeId:68	0.839444444444,1.0,1,6,19,28,40,81,85
NodeId:69	1.06032509157,1.0,12,22,42,46,55,72,88
NodeId:70	1.10017857143,1.0,20,63,99
NodeId:71	1.44625,1.0,15,16,45,84,97
NodeId:72	1.82267857143,1.0,10,49,51,92,93,95
NodeId:73	0.7025,1.0,41,50,51,84,92
NodeId:74	0.461666666667,1.0,35,54,84
NodeId:75	0.46875,1.0,29,34,37,51,54,65,85,91
NodeId:76	0.745,1.0,9
NodeId:77	0.752083333333,1.0,0,5,32,37,40,41,44,69,79,83,85,86,87
NodeId:78	1.95726190476,1.0,13,19,34,82
NodeId:79	1.08663461538,1.0,0,26,43,74,90
NodeId:80	1.38587301587,1.0,31,79
NodeId:81	0.704523809524,1.0,5,21,26,78,93,96
NodeId:82	0.504166666667,1.0,2,23,24,32,52,53
NodeId:83	1.19996794872,1.0,1,4,10,18,27,29,70
NodeId:84	1.22666666667,1.0,9,21
NodeId:85	0.670741758242,1.0,32,54,57,64,69,90,99
NodeId:86	1.4714957265,1.0,11,60,71,95
NodeId:87	0.640384615385,1.0,8,19,20,27,30,47,54,63
NodeId:88	1.12142857143,1.0,21,26,44,50,55,82
NodeId:89	0.823928571428,1.0,16,32,35,38,40,57,58
NodeId:90	0.89003968254,1.0,1,26,52,93,96
NodeId:91	0.89375,1.0,12,24,66,81,95
NodeId:92	1.75791666667,1.0,22,34,39,57
NodeId:93	0.894761904762,1.0,15,43,66,75
NodeId:94	1.01517857143,1.0,4,17,20,90
NodeId:95	1.2975,1.0,76,88
NodeId:96	1.05666666667,1.0,12,13,24,31,60,74
NodeId:97	0.8725,1.0,37,50,62,89
NodeId:98	1.37035714286,1.0,5,13,15,28,49,66,92,94
NodeId:99	1.53226190476,1.0,1,83
