NodeId:0	0.766545413193,0.790649377994,1,15,66,96
NodeId:1	1.27502436646,1.30904955632,37,72
NodeId:10	0.939009309828,0.961632481737,4,6,38,67,78,80
NodeId:11	0.671531870726,0.652269247544,6,28,40,49,51,67,89
NodeId:12	1.03936639645,1.05300974713,24,28,50,55,67,85,98
NodeId:13	0.948422041384,0.937903035578,25,32,33,35,76
NodeId:14	0.333587557993,0.348360017132,36,39,44,62,98
NodeId:15	1.26060140787,1.27071795662,47,70,79,95,97
NodeId:16	0.635256240894,0.651260205631,45,52,67,80
NodeId:17	0.575369299254,0.586940535149,18,39,41,53,63,72,79,99
NodeId:18	1.0958371156,1.10280394894,52,61,62,87
NodeId:19	0.929333594057,0.918508202067,27,33,37,45,92
NodeId:2	1.0698731303,1.05131009159,31,63
NodeId:20	1.21151103,1.21268510849,7,94
NodeId:21	5.08984493147,4.28130744191
NodeId:22	1.09765760535,1.1130176656,25,65,72,83,97
NodeId:23	0.587714844013,0.580674900177,92,99
NodeId:24	1.05525210001,1.07967374004,9,10,18,38,55,93,94
NodeId:25	0.855891638976,0.881082185177,63
NodeId:26	0.876897503896,0.871314983105,15,23,28,64
NodeId:27	1.40406304569,1.44226941408,32,68,70,92
NodeId:28	0.912641829328,0.94787081993,21,25,72
NodeId:29	0.906269633523,0.919648887961,18,23,31,36,86
NodeId:3	0.767035756544,0.79679745723,30,42,45,86
NodeId:30	0.904853115274,0.928359103307,80,84,95
NodeId:31	2.23545549516,2.2163380774,29,36,46,49,54,62,70,85
NodeId:32	1.02250041074,1.03743880578,2,3,6,27,47,69,71,91
NodeId:33	1.03198338108,1.07102663053,2,56,58,86
NodeId:34	1.01056281757,0.999229765424,0,7,77,78
NodeId:35	0.50988791218,0.535219831103,12,18,62,64,65,66,83,91
NodeId:36	0.797803555605,0.786041631559,12,20,30,34,61,75,77,99
NodeId:37	1.37740913939,1.41326193282,40,59,71,97
NodeId:38	1.21300934749,1.20655784623,30,41,98
NodeId:39	1.20609185402,1.20568258349,31,43,68,71,92
NodeId:4	0.779699032568,0.79836873341,24,42,46,86
NodeId:40	0.757510343367,0.733205150934,7,71,72,73
NodeId:41	0.978413098317,1.00388651286,44,45,49,66
NodeId:42	0.599970884553,0.592114441113,36,45,70,89,99
NodeId:43	0.948764945396,0.96350480475,4,21,24,56,67,68,80,86,90
NodeId:44	0.658769457927,0.662014900592,17,37,38
NodeId:45	1.50037751446,1.52864647393,18,53,58,83,86,90
NodeId:46	0.850795689984,0.854904873789,78
NodeId:47	0.53193098006,0.53505351787,5,14,52,70,73
NodeId:48	0.15,0.15,18,39,61,79,89
NodeId:49	1.19569087021,1.24884041185,2,29,31,39,84
NodeId:5	0.502520055115,0.516047587528,2,9,24,50,61,81,98
NodeId:50	0.865352784274,0.868980444086,0,20,46,68
NodeId:51	0.964625754451,0.967390254569,38,45,61,71
NodeId:52	0.874587194226,0.896471025642,27,31,64,91
NodeId:53	0.617769241439,0.62581521283,2,13,65,78,95
NodeId:54	0.709271137245,0.734959457764,12,69,77
NodeId:55	0.712445752536,0.730237700662,10,19,22,25,51,58,62
NodeId:56	0.561219294948,0.565274506035,29,36,80,96,98
NodeId:57	0.853799955166,0.846034306763,86,94,96,98
NodeId:58	0.908408613807,0.892221374886,16,38,71,73,78
NodeId:59	0.528423081635,0.507621423445,10,24,69,92
NodeId:6	0.721248895157,0.727022840314,15,22,58,80
NodeId:60	0.558085525052,0.544873293856,14,49,53,56,65
NodeId:61	0.761596112941,0.779024104901,6,9,18,20,99
NodeId:62	1.06048168984,1.08984372562,11,22,33,91
NodeId:63	1.83119233188,1.77832930246,3,64,65,72
NodeId:64	1.05145700754,1.06163570188,3,27,28,31,33,39,78
NodeId:65	1.02070463231,1.05393658054,27,88
NodeId:66	1.06049971413,1.08987925499,8,19,72,81,83,98
NodeId:67	0.722691330158,0.73748909299,2,26,30,31,32,45
NodeId:68	0.937104310058,0.931836154512,1,6,19,28,40,81,85
NodeId:69	0.917008504514,0.914101745056,12,22,42,46,55,72,88
NodeId:7	1.03353359083,1.05742798867,12,21,38,57,93
NodeId:70	1.26428045443,1.29678423309,20,63,99
NodeId:71	1.56850630946,1.5440322187,15,16,45,84,97
NodeId:72	2.02558359694,2.09430437029,10,49,51,92,93,95
NodeId:73	0.548442826341,0.567385412289,41,50,51,84,92
NodeId:74	0.443952792998,0.45653388052,35,54,84
NodeId:75	0.445619710245,0.449058815946,29,34,37,51,54,65,85,91
NodeId:76	0.925018788705,0.966139374962,9
NodeId:77	0.654091761539,0.669016655316,0,5,32,37,40,41,44,69,79,83,85,86,87
NodeId:78	1.70168005957,1.72908105774,13,19,34,82
NodeId:79	1.02063130011,1.03416086458,0,26,43,74,90
NodeId:8	0.360080615444,0.367552568991,13,41,59,87
NodeId:80	1.23513460914,1.23059627985,31,79
NodeId:81	0.612051595384,0.631511977981,5,21,26,78,93,96
NodeId:82	0.709908699107,0.679200699881,2,23,24,32,52,53
NodeId:83	1.32530011733,1.35611969759,1,4,10,18,27,29,70
NodeId:84	1.1136302127,1.12815670958,9,21
NodeId:85	0.717958818955,0.749744444719,32,54,57,64,69,90,99
NodeId:86	1.40398789881,1.36442390133,11,60,71,95
NodeId:87	0.506194156754,0.524056981844,8,19,20,27,30,47,54,63
NodeId:88	1.32449638843,1.35867511297,21,26,44,50,55,82
NodeId:89	0.591253477115,0.585472835169,16,32,35,38,40,57,58
NodeId:9	1.77688532933,1.69555459568,33,39,41,43,51,69,80
NodeId:90	0.962202081069,0.968643318777,1,26,52,93,96
NodeId:91	0.786899364005,0.775515175706,12,24,66,81,95
NodeId:92	1.69375307181,1.70307609529,22,34,39,57
NodeId:93	1.01169267813,0.998130761842,15,43,66,75
NodeId:94	1.10463006466,1.11905134472,4,17,20,90
NodeId:95	1.4539164961,1.44841240625,76,88
NodeId:96	0.84802551011,0.833967854257,12,13,24,31,60,74
NodeId:97	1.11803869368,1.11007011393,37,50,62,89
NodeId:98	1.17188616732,1.2080316565,5,13,15,28,49,66,92,94
NodeId:99	1.23422233684,1.21063246784,1,83
