NodeId:0	0.752830793348,0.75523548179,1,15,66,96
NodeId:1	1.25055738797,1.25512292477,37,72
NodeId:2	1.03293127362,1.03655657336,31,63
NodeId:3	0.756263186576,0.758649493975,30,42,45,86
NodeId:4	0.754657652776,0.75757119636,24,42,46,86
NodeId:5	0.486962678141,0.488302662892,2,9,24,50,61,81,98
NodeId:6	0.703125453162,0.705299398078,15,22,58,80
NodeId:7	1.01767922137,1.02096684719,12,21,38,57,93
NodeId:8	0.348591867121,0.349337993677,13,41,59,87
NodeId:9	1.70069454946,1.7062439359,33,39,41,43,51,69,80
NodeId:10	0.906693002806,0.910076523282,4,6,38,67,78,80
NodeId:11	0.659987925533,0.662432456002,6,28,40,49,51,67,89
NodeId:12	1.01348098131,1.01684960495,24,28,50,55,67,85,98
NodeId:13	0.922514998495,0.92586043032,25,32,33,35,76
NodeId:14	0.333410983409,0.33397841199,36,39,44,62,98
NodeId:15	1.23379868104,1.2383746698,47,70,79,95,97
NodeId:16	0.634765064864,0.636773656006,45,52,67,80
NodeId:17	0.560473034741,0.562327012345,18,39,41,53,63,72,79,99
NodeId:18	1.05873506445,1.06256297761,52,61,62,87
NodeId:19	0.89846701213,0.901765629181,27,33,37,45,92
NodeId:20	1.17083442,1.17542520562,7,94
NodeId:21	7.4707937847,7.14757405041
NodeId:22	1.06481976604,1.06869341205,25,65,72,83,97
NodeId:23	0.57902157699,0.58099691777,92,99
NodeId:24	1.03604031103,1.03928225233,9,10,18,38,55,93,94
NodeId:25	0.827265070978,0.82989478311,63
NodeId:26	0.849061042002,0.851889175825,15,23,28,64
NodeId:27	1.35656053444,1.36160313551,32,68,70,92
NodeId:28	0.892769783907,0.895796344859,21,25,72
NodeId:29	0.879734958068,0.88280935878,18,23,31,36,86
NodeId:30	0.883840730715,0.88681946569,80,84,95
NodeId:31	2.17934292281,2.18825338777,29,36,46,49,54,62,70,85
NodeId:32	0.994644604784,0.998182236914,2,3,6,27,47,69,71,91
NodeId:33	1.01396937541,1.01761199,2,56,58,86
NodeId:34	0.985694270001,0.989592371312,0,7,77,78
NodeId:35	0.503449036541,0.504633507055,12,18,62,64,65,66,83,91
NodeId:36	0.782261201978,0.784806104049,12,20,30,34,61,75,77,99
NodeId:37	1.33961729942,1.34480330811,40,59,71,97
NodeId:38	1.18270487773,1.18724964257,30,41,98
NodeId:39	1.17368215335,1.17805423091,31,43,68,71,92
NodeId:40	0.740497246876,0.742753553301,7,71,72,73
NodeId:41	0.962732504399,0.965951105983,44,45,49,66
NodeId:42	0.581437914724,0.583219022427,36,45,70,89,99
NodeId:43	0.936029595813,0.939602012791,4,21,24,56,67,68,80,86,90
NodeId:44	0.637812573679,0.639726895446,17,37,38
NodeId:45	1.46847342733,1.47396386862,18,53,58,83,86,90
NodeId:46	0.832338715329,0.835052887816,78
NodeId:47	0.518983110649,0.520425035433,5,14,52,70,73
NodeId:48	0.15,0.15,18,39,61,79,89
NodeId:49	1.16469723551,1.16881113823,2,29,31,39,84
NodeId:50	0.842336607527,0.84523245,0,20,46,68
NodeId:51	0.941870367575,0.945353702985,38,45,61,71
NodeId:52	0.856793151773,0.859555018723,27,31,64,91
NodeId:53	0.611415056636,0.613355451813,2,13,65,78,95
NodeId:54	0.692311968998,0.694221775332,12,69,77
NodeId:55	0.6926824419,0.694910204457,10,19,22,25,51,58,62
NodeId:56	0.549921465357,0.551518380499,29,36,80,96,98
NodeId:57	0.831603223516,0.834711185407,86,94,96,98
NodeId:58	0.880904205271,0.883992926972,16,38,71,73,78
NodeId:59	0.510005026629,0.511311741154,10,24,69,92
NodeId:60	0.556513556984,0.558463102267,14,49,53,56,65
NodeId:61	0.744861837962,0.747117275403,6,9,18,20,99
NodeId:62	1.03569858738,1.03913631311,11,22,33,91
NodeId:63	1.75730421236,1.76440757079,3,64,65,72
NodeId:64	1.02817842991,1.03163294798,3,27,28,31,33,39,78
NodeId:65	1.00644509641,1.00965395275,27,88
NodeId:66	1.02851816872,1.03192456242,8,19,72,81,83,98
NodeId:67	0.70689492115,0.709073730709,2,26,30,31,32,45
NodeId:68	0.907961971273,0.911588748051,1,6,19,28,40,81,85
NodeId:69	0.896539524487,0.899631913163,12,22,42,46,55,72,88
NodeId:70	1.22775864663,1.23249636657,20,63,99
NodeId:71	1.54026983344,1.54643666722,15,16,45,84,97
NodeId:72	1.96686340242,1.97425320719,10,49,51,92,93,95
NodeId:73	0.546586183685,0.548078879188,41,50,51,84,92
NodeId:74	0.438269252961,0.439273163064,35,54,84
NodeId:75	0.441032106494,0.442391936477,29,34,37,51,54,65,85,91
NodeId:76	0.910895896464,0.914514453521,9
NodeId:77	0.640370197136,0.642404388221,0,5,32,37,40,41,44,69,79,83,85,86,87
NodeId:78	1.66344896095,1.66964833979,13,19,34,82
NodeId:79	1.00181661173,1.00545385279,0,26,43,74,90
NodeId:80	1.20506862516,1.20951131519,31,79
NodeId:81	0.595810500115,0.597311861878,5,21,26,78,93,96
NodeId:82	0.688568541979,0.691182608011,2,23,24,32,52,53
NodeId:83	1.29460914461,1.29930602268,1,4,10,18,27,29,70
NodeId:84	1.0804917812,1.08436440742,9,21
NodeId:85	0.705676943839,0.70776275007,32,54,57,64,69,90,99
NodeId:86	1.35544826446,1.36080686587,11,60,71,95
NodeId:87	0.492032320244,0.49320050928,8,19,20,27,30,47,54,63
NodeId:88	1.29184357126,1.29718778664,21,26,44,50,55,82
NodeId:89	0.587711899236,0.589581455249,16,32,35,38,40,57,58
NodeId:90	0.933638593809,0.937025441006,1,26,52,93,96
NodeId:91	0.760150224061,0.762555134824,12,24,66,81,95
NodeId:92	1.64321463588,1.6494315576,22,34,39,57
NodeId:93	0.973362299656,0.977159802065,15,43,66,75
NodeId:94	1.07499827634,1.07866861662,4,17,20,90
NodeId:95	1.41455133889,1.41999911367,76,88
NodeId:96	0.825535296868,0.82829716226,12,13,24,31,60,74
NodeId:97	1.09086651031,1.09471265235,37,50,62,89
NodeId:98	1.14325578303,1.14699179142,5,13,15,28,49,66,92,94
NodeId:99	1.20136367781,1.20543465771,1,83
