NodeId:0	0.748860376421,0.750635744512,1,15,66,96
NodeId:1	1.24345712243,1.24672973168,37,72
NodeId:2	1.02736675807,1.02991041082,31,63
NodeId:3	0.752117329705,0.753958372302,30,42,45,86
NodeId:4	0.750662168595,0.752490643269,24,42,46,86
NodeId:5	0.485080608745,0.485974902317,2,9,24,50,61,81,98
NodeId:6	0.699574686137,0.70114959315,15,22,58,80
NodeId:7	1.01181001043,1.01442032584,12,21,38,57,93
NodeId:8	0.347452182763,0.347985174595,13,41,59,87
NodeId:9	1.69043236829,1.69503310871,33,39,41,43,51,69,80
NodeId:10	0.9018742077,0.904133923441,4,6,38,67,78,80
NodeId:11	0.656545807214,0.658118706016,6,28,40,49,51,67,89
NodeId:12	1.00849253316,1.01080912386,24,28,50,55,67,85,98
NodeId:13	0.91774870372,0.919920996264,25,32,33,35,76
NodeId:14	0.332357094127,0.332834433498,36,39,44,62,98
NodeId:15	1.22674240727,1.22997246112,47,70,79,95,97
NodeId:16	0.631497831331,0.632964602917,45,52,67,80
NodeId:17	0.557954427965,0.559150696264,18,39,41,53,63,72,79,99
NodeId:18	1.05323922785,1.05576434484,52,61,62,87
NodeId:19	0.893643845276,0.895832043254,27,33,37,45,92
NodeId:20	1.1642942382,1.16731881189,7,94
NodeId:21	7.96730812468,7.74116108568
NodeId:22	1.05897611088,1.0616601718,25,65,72,83,97
NodeId:23	0.576260818192,0.577527624411,92,99
NodeId:24	1.03067892179,1.03306392654,9,10,18,38,55,93,94
NodeId:25	0.822970297339,0.824909788118,63
NodeId:26	0.844546523276,0.846588492217,15,23,28,64
NodeId:27	1.34900024295,1.35255930298,32,68,70,92
NodeId:28	0.888061529658,0.890206100062,21,25,72
NodeId:29	0.874884374418,0.877102564999,18,23,31,36,86
NodeId:30	0.879249840127,0.881342776403,80,84,95
NodeId:31	2.16633454277,2.17224245951,29,36,46,49,54,62,70,85
NodeId:32	0.989319665339,0.991712039149,2,3,6,27,47,69,71,91
NodeId:33	1.00841364373,1.01101603912,2,56,58,86
NodeId:34	0.980111976637,0.982640928352,0,7,77,78
NodeId:35	0.501469766349,0.502368854419,12,18,62,64,65,66,83,91
NodeId:36	0.778320564378,0.780121090213,12,20,30,34,61,75,77,99
NodeId:37	1.33194709441,1.33547899829,40,59,71,97
NodeId:38	1.17631717169,1.17923828483,30,41,98
NodeId:39	1.1672429447,1.17027491478,31,43,68,71,92
NodeId:40	0.736576263209,0.738297967547,7,71,72,73
NodeId:41	0.957769918313,0.960028666909,44,45,49,66
NodeId:42	0.578712132671,0.57993619205,36,45,70,89,99
NodeId:43	0.930818738221,0.933187188318,4,21,24,56,67,68,80,86,90
NodeId:44	0.634787858037,0.636142056003,17,37,38
NodeId:45	1.4600297959,1.46389477014,18,53,58,83,86,90
NodeId:46	0.827783285939,0.829781979551,78
NodeId:47	0.516625751576,0.517705199061,5,14,52,70,73
NodeId:48	0.15,0.15,18,39,61,79,89
NodeId:49	1.15789939356,1.16099444734,2,29,31,39,84
NodeId:50	0.837943260137,0.839936687339,0,20,46,68
NodeId:51	0.93678679158,0.93918403446,38,45,61,71
NodeId:52	0.852366324156,0.854361677351,27,31,64,91
NodeId:53	0.608395391747,0.609738510281,2,13,65,78,95
NodeId:54	0.689034758961,0.690558912409,12,69,77
NodeId:55	0.689213076368,0.690747128925,10,19,22,25,51,58,62
NodeId:56	0.547322464163,0.548478592123,29,36,80,96,98
NodeId:57	0.827162114441,0.829242937274,86,94,96,98
NodeId:58	0.876289687009,0.87839284232,16,38,71,73,78
NodeId:59	0.507736136738,0.50874444789,10,24,69,92
NodeId:60	0.553747019126,0.554983589921,14,49,53,56,65
NodeId:61	0.741325634575,0.742875089361,6,9,18,20,99
NodeId:62	1.03003259897,1.03262828687,11,22,33,91
NodeId:63	1.74721188833,1.75186474547,3,64,65,72
NodeId:64	1.02253740122,1.02510196462,3,27,28,31,33,39,78
NodeId:65	1.00087812671,1.00334549112,27,88
NodeId:66	1.02314448202,1.02558461462,8,19,72,81,83,98
NodeId:67	0.703380485037,0.70494548553,2,26,30,31,32,45
NodeId:68	0.902986479019,0.905194403898,1,6,19,28,40,81,85
NodeId:69	0.892162085564,0.894284727101,12,22,42,46,55,72,88
NodeId:70	1.2206419732,1.2238441882,20,63,99
NodeId:71	1.53100943168,1.53516522062,15,16,45,84,97
NodeId:72	1.95501963545,1.96036301317,10,49,51,92,93,95
NodeId:73	0.544224985139,0.545336508668,41,50,51,84,92
NodeId:74	0.436434218149,0.437259657717,35,54,84
NodeId:75	0.439134924351,0.439954741387,29,34,37,51,54,65,85,91
NodeId:76	0.905638758995,0.908011868772,9
NodeId:77	0.637357421626,0.638730342968,0,5,32,37,40,41,44,69,79,83,85,86,87
NodeId:78	1.65386528082,1.65834711576,13,19,34,82
NodeId:79	0.996437084675,0.998820560454,0,26,43,74,90
NodeId:80	1.19849984761,1.2015738047,31,79
NodeId:81	0.593110578103,0.594315986088,5,21,26,78,93,96
NodeId:82	0.684835536914,0.686494076798,2,23,24,32,52,53
NodeId:83	1.28735265087,1.29070121858,1,4,10,18,27,29,70
NodeId:84	1.07465837303,1.07736188166,9,21
NodeId:85	0.701966661633,0.70360327872,32,54,57,64,69,90,99
NodeId:86	1.34756546015,1.35111668825,11,60,71,95
NodeId:87	0.490059910689,0.490927332002,8,19,20,27,30,47,54,63
NodeId:88	1.28426574022,1.28778899869,21,26,44,50,55,82
NodeId:89	0.585050499762,0.586294969901,16,32,35,38,40,57,58
NodeId:90	0.928470653029,0.930871831596,1,26,52,93,96
NodeId:91	0.756476653612,0.758186605276,12,24,66,81,95
NodeId:92	1.63375259271,1.63802427026,22,34,39,57
NodeId:93	0.968056001786,0.970574393018,15,43,66,75
NodeId:94	1.06888091842,1.07159613536,4,17,20,90
NodeId:95	1.40618676447,1.41000515207,76,88
NodeId:96	0.821408556608,0.823303926158,12,13,24,31,60,74
NodeId:97	1.08434492224,1.08727968382,37,50,62,89
NodeId:98	1.13719835234,1.13988538729,5,13,15,28,49,66,92,94
NodeId:99	1.19481817984,1.19777493389,1,83
