NodeId:0	0.750635744512,0.752830793348,1,15,66,96
NodeId:1	1.24672973168,1.25055738797,37,72
NodeId:10	0.904133923441,0.906693002806,4,6,38,67,78,80
NodeId:11	0.658118706016,0.659987925533,6,28,40,49,51,67,89
NodeId:12	1.01080912386,1.01348098131,24,28,50,55,67,85,98
NodeId:13	0.919920996264,0.922514998495,25,32,33,35,76
NodeId:14	0.332834433498,0.333410983409,36,39,44,62,98
NodeId:15	1.22997246112,1.23379868104,47,70,79,95,97
NodeId:16	0.632964602917,0.634765064864,45,52,67,80
NodeId:17	0.559150696264,0.560473034741,18,39,41,53,63,72,79,99
NodeId:18	1.05576434484,1.05873506445,52,61,62,87
NodeId:19	0.895832043254,0.89846701213,27,33,37,45,92
NodeId:2	1.02991041082,1.03293127362,31,63
NodeId:20	1.16731881189,1.17083442,7,94
NodeId:21	7.74116108568,7.4707937847
NodeId:22	1.0616601718,1.06481976604,25,65,72,83,97
NodeId:23	0.577527624411,0.57902157699,92,99
NodeId:24	1.03306392654,1.03604031103,9,10,18,38,55,93,94
NodeId:25	0.824909788118,0.827265070978,63
NodeId:26	0.846588492217,0.849061042002,15,23,28,64
NodeId:27	1.35255930298,1.35656053444,32,68,70,92
NodeId:28	0.890206100062,0.892769783907,21,25,72
NodeId:29	0.877102564999,0.879734958068,18,23,31,36,86
NodeId:3	0.753958372302,0.756263186576,30,42,45,86
NodeId:30	0.881342776403,0.883840730715,80,84,95
NodeId:31	2.17224245951,2.17934292281,29,36,46,49,54,62,70,85
NodeId:32	0.991712039149,0.994644604784,2,3,6,27,47,69,71,91
NodeId:33	1.01101603912,1.01396937541,2,56,58,86
NodeId:34	0.982640928352,0.985694270001,0,7,77,78
NodeId:35	0.502368854419,0.503449036541,12,18,62,64,65,66,83,91
NodeId:36	0.780121090213,0.782261201978,12,20,30,34,61,75,77,99
NodeId:37	1.33547899829,1.33961729942,40,59,71,97
NodeId:38	1.17923828483,1.18270487773,30,41,98
NodeId:39	1.17027491478,1.17368215335,31,43,68,71,92
NodeId:4	0.752490643269,0.754657652776,24,42,46,86
NodeId:40	0.738297967547,0.740497246876,7,71,72,73
NodeId:41	0.960028666909,0.962732504399,44,45,49,66
NodeId:42	0.57993619205,0.581437914724,36,45,70,89,99
NodeId:43	0.933187188318,0.936029595813,4,21,24,56,67,68,80,86,90
NodeId:44	0.636142056003,0.637812573679,17,37,38
NodeId:45	1.46389477014,1.46847342733,18,53,58,83,86,90
NodeId:46	0.829781979551,0.832338715329,78
NodeId:47	0.517705199061,0.518983110649,5,14,52,70,73
NodeId:48	0.15,0.15,18,39,61,79,89
NodeId:49	1.16099444734,1.16469723551,2,29,31,39,84
NodeId:5	0.485974902317,0.486962678141,2,9,24,50,61,81,98
NodeId:50	0.839936687339,0.842336607527,0,20,46,68
NodeId:51	0.93918403446,0.941870367575,38,45,61,71
NodeId:52	0.854361677351,0.856793151773,27,31,64,91
NodeId:53	0.609738510281,0.611415056636,2,13,65,78,95
NodeId:54	0.690558912409,0.692311968998,12,69,77
NodeId:55	0.690747128925,0.6926824419,10,19,22,25,51,58,62
NodeId:56	0.548478592123,0.549921465357,29,36,80,96,98
NodeId:57	0.829242937274,0.831603223516,86,94,96,98
NodeId:58	0.87839284232,0.880904205271,16,38,71,73,78
NodeId:59	0.50874444789,0.510005026629,10,24,69,92
NodeId:6	0.70114959315,0.703125453162,15,22,58,80
NodeId:60	0.554983589921,0.556513556984,14,49,53,56,65
NodeId:61	0.742875089361,0.744861837962,6,9,18,20,99
NodeId:62	1.03262828687,1.03569858738,11,22,33,91
NodeId:63	1.75186474547,1.75730421236,3,64,65,72
NodeId:64	1.02510196462,1.02817842991,3,27,28,31,33,39,78
NodeId:65	1.00334549112,1.00644509641,27,88
NodeId:66	1.02558461462,1.02851816872,8,19,72,81,83,98
NodeId:67	0.70494548553,0.70689492115,2,26,30,31,32,45
NodeId:68	0.905194403898,0.907961971273,1,6,19,28,40,81,85
NodeId:69	0.894284727101,0.896539524487,12,22,42,46,55,72,88
NodeId:7	1.01442032584,1.01767922137,12,21,38,57,93
NodeId:70	1.2238441882,1.22775864663,20,63,99
NodeId:71	1.53516522062,1.54026983344,15,16,45,84,97
NodeId:72	1.96036301317,1.96686340242,10,49,51,92,93,95
NodeId:73	0.545336508668,0.546586183685,41,50,51,84,92
NodeId:74	0.437259657717,0.438269252961,35,54,84
NodeId:75	0.439954741387,0.441032106494,29,34,37,51,54,65,85,91
NodeId:76	0.908011868772,0.910895896464,9
NodeId:77	0.638730342968,0.640370197136,0,5,32,37,40,41,44,69,79,83,85,86,87
NodeId:78	1.65834711576,1.66344896095,13,19,34,82
NodeId:79	0.998820560454,1.00181661173,0,26,43,74,90
NodeId:8	0.347985174595,0.348591867121,13,41,59,87
NodeId:80	1.2015738047,1.20506862516,31,79
NodeId:81	0.594315986088,0.595810500115,5,21,26,78,93,96
NodeId:82	0.686494076798,0.688568541979,2,23,24,32,52,53
NodeId:83	1.29070121858,1.29460914461,1,4,10,18,27,29,70
NodeId:84	1.07736188166,1.0804917812,9,21
NodeId:85	0.70360327872,0.705676943839,32,54,57,64,69,90,99
NodeId:86	1.35111668825,1.35544826446,11,60,71,95
NodeId:87	0.490927332002,0.492032320244,8,19,20,27,30,47,54,63
NodeId:88	1.28778899869,1.29184357126,21,26,44,50,55,82
NodeId:89	0.586294969901,0.587711899236,16,32,35,38,40,57,58
NodeId:9	1.69503310871,1.70069454946,33,39,41,43,51,69,80
NodeId:90	0.930871831596,0.933638593809,1,26,52,93,96
NodeId:91	0.758186605276,0.760150224061,12,24,66,81,95
NodeId:92	1.63802427026,1.64321463588,22,34,39,57
NodeId:93	0.970574393018,0.973362299656,15,43,66,75
NodeId:94	1.07159613536,1.07499827634,4,17,20,90
NodeId:95	1.41000515207,1.41455133889,76,88
NodeId:96	0.823303926158,0.825535296868,12,13,24,31,60,74
NodeId:97	1.08727968382,1.09086651031,37,50,62,89
NodeId:98	1.13988538729,1.14325578303,5,13,15,28,49,66,92,94
NodeId:99	1.19777493389,1.20136367781,1,83
