NodeId:0	0.742428813659,0.742934736642,1,15,66,96
NodeId:1	1.23166975338,1.23259422142,37,72
NodeId:2	1.01808268933,1.01881137695,31,63
NodeId:3	0.74535559876,0.745886146502,30,42,45,86
NodeId:4	0.74399889812,0.744521571703,24,42,46,86
NodeId:5	0.481880522129,0.482132072943,2,9,24,50,61,81,98
NodeId:6	0.693864699113,0.694314059786,15,22,58,80
NodeId:7	1.00232049565,1.00306492065,12,21,38,57,93
NodeId:8	0.34552664876,0.345678109052,13,41,59,87
NodeId:9	1.67373140947,1.67504134301,33,39,41,43,51,69,80
NodeId:10	0.893721035176,0.894361906544,4,6,38,67,78,80
NodeId:11	0.650826174616,0.651275621352,6,28,40,49,51,67,89
NodeId:12	0.999920230827,1.00059182932,24,28,50,55,67,85,98
NodeId:13	0.909761894603,0.910387956704,25,32,33,35,76
NodeId:14	0.330649005629,0.330782896989,36,39,44,62,98
NodeId:15	1.21509079197,1.21600563469,47,70,79,95,97
NodeId:16	0.626175900448,0.62659411247,45,52,67,80
NodeId:17	0.553735746511,0.554067007859,18,39,41,53,63,72,79,99
NodeId:18	1.0440472425,1.04476891822,52,61,62,87
NodeId:19	0.885611333197,0.886242201462,27,33,37,45,92
NodeId:20	1.15347154074,1.15432256309,7,94
NodeId:21	8.79229415944,8.72754948002
NodeId:22	1.04918246065,1.049951959,25,65,72,83,97
NodeId:23	0.571677460124,0.572037443374,92,99
NodeId:24	1.0218638045,1.02255599176,9,10,18,38,55,93,94
NodeId:25	0.815886667687,0.816443292042,63
NodeId:26	0.837100722634,0.837684842815,15,23,28,64
NodeId:27	1.33630441451,1.33730082636,32,68,70,92
NodeId:28	0.880281385401,0.88089288813,21,25,72
NodeId:29	0.866806417546,0.867440986226,18,23,31,36,86
NodeId:30	0.871695651321,0.872289329786,80,84,95
NodeId:31	2.14447820308,2.14619158892,29,36,46,49,54,62,70,85
NodeId:32	0.98051433429,0.981204883002,2,3,6,27,47,69,71,91
NodeId:33	0.998982832658,0.999722848267,2,56,58,86
NodeId:34	0.970813628505,0.971543490279,0,7,77,78
NodeId:35	0.498186643115,0.498444138719,12,18,62,64,65,66,83,91
NodeId:36	0.771775153601,0.772289546843,12,20,30,34,61,75,77,99
NodeId:37	1.31910460137,1.32011146623,40,59,71,97
NodeId:38	1.1656195956,1.16645893524,30,41,98
NodeId:39	1.15629099791,1.15715022034,31,43,68,71,92
NodeId:40	0.730233538567,0.73073136306,7,71,72,73
NodeId:41	0.949486874695,0.950136254271,44,45,49,66
NodeId:42	0.574193860163,0.574548196654,36,45,70,89,99
NodeId:43	0.922049318275,0.922736476294,4,21,24,56,67,68,80,86,90
NodeId:44	0.629782539924,0.630174579153,17,37,38
NodeId:45	1.44603074635,1.4471301225,18,53,58,83,86,90
NodeId:46	0.820338757116,0.820923438228,78
NodeId:47	0.512727516929,0.513033331454,5,14,52,70,73
NodeId:48	0.15,0.15,18,39,61,79,89
NodeId:49	1.14669372924,1.14757419568,2,29,31,39,84
NodeId:50	0.830538946205,0.831119278882,0,20,46,68
NodeId:51	0.928160087133,0.928837502281,38,45,61,71
NodeId:52	0.845083037075,0.845654120678,27,31,64,91
NodeId:53	0.603517522921,0.603900220332,2,13,65,78,95
NodeId:54	0.683584466748,0.684013180969,12,69,77
NodeId:55	0.683426263106,0.683879936466,10,19,22,25,51,58,62
NodeId:56	0.543021778411,0.54335908059,29,36,80,96,98
NodeId:57	0.819710739837,0.820296058687,86,94,96,98
NodeId:58	0.868576888921,0.869182122481,16,38,71,73,78
NodeId:59	0.503980284747,0.504274552582,10,24,69,92
NodeId:60	0.549254921481,0.549607878123,14,49,53,56,65
NodeId:61	0.735491737566,0.735949057696,6,9,18,20,99
NodeId:62	1.02060272375,1.02134346443,11,22,33,91
NodeId:63	1.73034656042,1.73167170695,3,64,65,72
NodeId:64	1.01321732598,1.01394870058,3,27,28,31,33,39,78
NodeId:65	0.991879029754,0.992585474448,27,88
NodeId:66	1.01416466339,1.01486900151,8,19,72,81,83,98
NodeId:67	0.69758375759,0.698038886865,2,26,30,31,32,45
NodeId:68	0.894652143694,0.895304958349,1,6,19,28,40,81,85
NodeId:69	0.884550242033,0.885147694482,12,22,42,46,55,72,88
NodeId:70	1.20878311134,1.20971211947,20,63,99
NodeId:71	1.51570227598,1.51690328276,15,16,45,84,97
NodeId:72	1.93531629599,1.93686073423,10,49,51,92,93,95
NodeId:73	0.540257041819,0.540568713001,41,50,51,84,92
NodeId:74	0.433457808226,0.433691678532,35,54,84
NodeId:75	0.435998092635,0.436243694312,29,34,37,51,54,65,85,91
NodeId:76	0.896974394234,0.89765361953,9
NodeId:77	0.632312490644,0.632708471244,0,5,32,37,40,41,44,69,79,83,85,86,87
NodeId:78	1.63792947322,1.63918361712,13,19,34,82
NodeId:79	0.987498308795,0.988197500993,0,26,43,74,90
NodeId:80	1.18745915508,1.18832548534,31,79
NodeId:81	0.588666872008,0.589016106774,5,21,26,78,93,96
NodeId:82	0.678602611998,0.679090329653,2,23,24,32,52,53
NodeId:83	1.27522237673,1.2761742143,1,4,10,18,27,29,70
NodeId:84	1.0648858049,1.06565263746,9,21
NodeId:85	0.695969187389,0.69644127226,32,54,57,64,69,90,99
NodeId:86	1.33445746011,1.33548559259,11,60,71,95
NodeId:87	0.486839393338,0.487092143179,8,19,20,27,30,47,54,63
NodeId:88	1.27153948828,1.2725371296,21,26,44,50,55,82
NodeId:89	0.580577788098,0.580929024593,16,32,35,38,40,57,58
NodeId:90	0.919905160921,0.920578019639,1,26,52,93,96
NodeId:91	0.750300587914,0.750785603044,12,24,66,81,95
NodeId:92	1.61796418567,1.61920213174,22,34,39,57
NodeId:93	0.95901936561,0.959728603683,15,43,66,75
NodeId:94	1.05891902235,1.05970015255,4,17,20,90
NodeId:95	1.39234548375,1.39343162728,76,88
NodeId:96	0.814499799507,0.815041645105,12,13,24,31,60,74
NodeId:97	1.07361003557,1.07445235934,37,50,62,89
NodeId:98	1.1272319008,1.12801418615,5,13,15,28,49,66,92,94
NodeId:99	1.18414546657,1.18498410514,1,83
